topology: 4 5 1 
in: 0.263665595 0.6 0.744444444 0
out: 0
in: 0.578778135 0.388235294 0.1 0
out: 0
in: 0.469453376 0.388235294 0.144444444 0
out: 0
in: 0.266881029 1.141176471 0.444444444 0.03125
out: 0
in: 0.366559486 1.164705882 0.2 0
out: 0
in: 0.713826367 0.341176471 0.6 0
out: 0
in: 0.774919614 0.317647059 0.344444444 0
out: 0
in: 0.257234727 1.011764706 0.244444444 0
out: 0
in: 0.421221865 0.741176471 0.6 0
out: 0
in: 0.733118971 0.470588235 0.444444444 0
out: 0
in: 0.572347267 0.6 0.8 0
out: 0
in: 0.620578778 0.447058824 0.444444444 0
out: 0
in: 0.546623794 0.847058824 0.744444444 0
out: 0
in: 0.68488746 0.494117647 0.244444444 0
out: 0
in: 0.848874598 0.247058824 0.5 0
out: 0
in: 0.736334405 0.517647059 0.6 0
out: 0
in: 0.485530547 0.317647059 0.6 0
out: 0
in: 0.536977492 0.552941176 0.544444444 0
out: 0
in: 0.511254019 0.411764706 0.444444444 0
out: 0
in: 0.29903537 0.517647059 0.5 0
out: 0
in: 0.588424437 0.470588235 0.3 0
out: 0
in: 0.61414791 0.447058824 0.3 0
out: 0
in: 0.675241158 0.517647059 0.5 0
out: 0
in: 0.627009646 0.505882353 0.644444444 0
out: 0
in: 0.762057878 0.376470588 0.644444444 0
out: 0
in: 0.524115756 0.705882353 0.6 0
out: 0
in: 0.610932476 0.4 0.644444444 0
out: 0
in: 0.623794212 0.564705882 0.144444444 0
out: 0
in: 0.971061093 0.282352941 0.3 0
out: 0
in: 0.733118971 0.458823529 0.4 0
out: 0
in: 0.816720257 0.282352941 0.4 0
out: 0
in: 0.360128617 0.917647059 0.844444444 0
out: 0
in: 0.662379421 0.435294118 0.2 0
out: 0
in: 0.569131833 0.458823529 0.4 0
out: 0
in: 0.681672026 0.376470588 0.3 0
out: 0
in: 0.585209003 0.729411765 0.5 0
out: 0
in: 0.697749196 0.282352941 0.5 0
out: 0
in: 0.363344051 0.705882353 0.6 0
out: 0
in: 0.572347267 0.317647059 0.444444444 0
out: 0
in: 0.453376206 0.505882353 0.3 0
out: 0
in: 0.749196141 0.435294118 0.344444444 0
out: 0
in: 0.591639871 0.494117647 0.744444444 0
out: 0
in: 0.533762058 0.635294118 0.6 0
out: 0
in: 0.63022508 0.564705882 0.3 0
out: 0
in: 0.414790997 0.870588235 0.544444444 0
out: 0
in: 0.832797428 0.282352941 0.444444444 0
out: 0
in: 0.47266881 0.823529412 0.4 0
out: 0
in: 0.739549839 0.423529412 0.344444444 0
out: 0
in: 0.379421222 0.411764706 0.2 0
out: 0
in: 0.353697749 0.541176471 0.644444444 0
out: 0
in: 0.668810289 0.2 0.144444444 0
out: 0
in: 0.691318328 0.4 0.244444444 0
out: 0
in: 0.655948553 0.494117647 0.544444444 0
out: 0
in: 0.655948553 0.494117647 0.544444444 0
out: 0
in: 0.565916399 0.529411765 0.4 0
out: 0
in: 0.890675241 0.282352941 0.244444444 0
out: 0
in: 0.572347267 0.741176471 0.544444444 0
out: 0
in: 0.443729904 0.588235294 0.3 0
out: 0
in: 0.446945338 0.470588235 0.6 0
out: 0
in: 0.395498392 0.6 0.1 0
out: 0
in: 0.36977492 0.458823529 0.644444444 0
out: 0
in: 0.176848875 0.694117647 0.7 0
out: 0
in: 0.604501608 0.411764706 0.544444444 0
out: 0
in: 0.668810289 0.388235294 0.3 0
out: 0
in: 0.742765273 0.364705882 0.344444444 0
out: 0
in: 0.59807074 0.517647059 0.5 0
out: 0
in: 0.739549839 0.435294118 0.5 0
out: 0
in: 0.63022508 0.388235294 0.6 0
out: 0
in: 0.63022508 0.388235294 0.7 0
out: 0
in: 0.553054662 0.305882353 0.5 0
out: 0
in: 0.508038585 0.317647059 0.844444444 0
out: 0
in: 0.569131833 0.435294118 0.4 0
out: 0
in: 0.501607717 0.294117647 0.7 0
out: 0
in: 0.556270096 0.505882353 0.5 0
out: 0
in: 0.887459807 0.352941176 0.144444444 0
out: 0
in: 0.215434084 0.929411765 0.344444444 0
out: 0
in: 0.504823151 0.505882353 0.344444444 0
out: 0
in: 0.266881029 0.847058824 0.344444444 0
out: 0
in: 0.47266881 0.776470588 0.3 0
out: 0
in: 0.694533762 0.223529412 0.744444444 0
out: 0
in: 0.627009646 0.458823529 0.7 0
out: 0
in: 0.575562701 0.517647059 0.244444444 0
out: 0
in: 0.59807074 0.6 0.5 0
out: 0
in: 0.533762058 0.552941176 0.1 0
out: 0
in: 0.649517685 0.529411765 0.4 0
out: 0
in: 0.691318328 0.176470588 0.1 0
out: 0
in: 0.816720257 0.317647059 0.244444444 0
out: 0
in: 0.720257235 0.4 0.244444444 0
out: 0
in: 0.813504823 0.423529412 0.4 0
out: 0
in: 0.559485531 0.294117647 0.544444444 0
out: 0
in: 0.47266881 0.694117647 0.644444444 0
out: 0
in: 0.559485531 0.282352941 0.6 0
out: 0
in: 0.668810289 0.376470588 0.7 0
out: 0
in: 0.585209003 0.505882353 0.544444444 0
out: 0
in: 0.752411576 0.258823529 0.3 0
out: 0
in: 0.572347267 0.752941176 0.144444444 0
out: 0
in: 0.408360129 0.564705882 0.2 0
out: 0
in: 0.559485531 0.282352941 0.6 0
out: 0
in: 0.372990354 1.023529412 0.5 0
out: 0
in: 0.636655949 0.458823529 0.6 0
out: 0
in: 0.636655949 0.458823529 0.6 0
out: 0
in: 0.463022508 0.776470588 0.6 0
out: 0
in: 0.646302251 0.470588235 0.444444444 0
out: 0
in: 0.774919614 0.341176471 0.5 0
out: 0
in: 0.170418006 0.917647059 0.344444444 0
out: 0
in: 0.408360129 0.611764706 0.7 0
out: 0
in: 0.585209003 0.341176471 0.344444444 0
out: 0
in: 0.688102894 0.388235294 0.344444444 0
out: 0
in: 0.652733119 0.529411765 0.344444444 0
out: 0
in: 0.559485531 0.658823529 0.6 0
out: 0
in: 0.440514469 0.505882353 0.644444444 0
out: 0
in: 0.604501608 0.211764706 0.5 0
out: 0
in: 0.733118971 0.458823529 0.4 0
out: 0
in: 0.607717042 0.411764706 0.3 0
out: 0
in: 0.508038585 0.317647059 0.844444444 0
out: 0
in: 0.498392283 0.317647059 0.7 0
out: 0
in: 0.372990354 0.352941176 0.7 0
out: 0
in: 0.488745981 0.317647059 0.544444444 0
out: 0
in: 0.340836013 0.352941176 0.444444444 0
out: 0
in: 0.63022508 0.423529412 0.344444444 0
out: 0
in: 0.331189711 0.870588235 0.244444444 0
out: 0
in: 0.549839228 0.505882353 0.6 0
out: 0
in: 0.723472669 0.494117647 0.6 0
out: 0
in: 0.575562701 0.529411765 0.344444444 0
out: 0
in: 0.636655949 0.588235294 0.6 0
out: 0
in: 0.662379421 0.282352941 0.6 0
out: 0
in: 0.289389068 0.576470588 0.244444444 0
out: 0
in: 0.553054662 0.505882353 0.344444444 0
out: 0
in: 0.511254019 0.541176471 0.4 0
out: 0
in: 0.495176849 0.411764706 0.1 0
out: 0
in: 0.495176849 0.470588235 0.3 0
out: 0
in: 0.450160772 0.458823529 0.344444444 0
out: 0
in: 0.340836013 0.541176471 0.544444444 0
out: 0
in: 0.565916399 0.494117647 0.344444444 0
out: 0
in: 0.479099678 0.447058824 0.3 0
out: 0
in: 0.565916399 0.611764706 0.644444444 0
out: 0
in: 0.553054662 0.682352941 0.144444444 0
out: 0
in: 0.501607717 0.776470588 0.344444444 0
out: 0
in: 0.578778135 0.494117647 0.3 0
out: 0.000330021
in: 0.697749196 0.447058824 0.244444444 0
out: 0.000394192
in: 0.704180064 0.458823529 0.2 0
out: 0.000430861
in: 0.749196141 0.364705882 0.5 0
out: 0.000504199
in: 0.681672026 0.6 0.988888889 0
out: 0.000559202
in: 0.533762058 0.623529412 0.6 0
out: 0.000650875
in: 0.765273312 0.376470588 0.6 0
out: 0.000705878
in: 0.881028939 0.258823529 0.444444444 0
out: 0.000825052
in: 0.424437299 0.470588235 0.6 0
out: 0.000870888
in: 0.778135048 0.329411765 0.4 0
out: 0.000880056
in: 0.559485531 0.505882353 0.744444444 0
out: 0.000980895
in: 0.762057878 0.294117647 0.5 0
out: 0.001026732
in: 0.745980707 0.458823529 0.6 0
out: 0.001090902
in: 0.797427653 0.341176471 0.244444444 0
out: 0.001246746
in: 0.790996785 0.505882353 0.2 0
out: 0.001310916
in: 0.646302251 0.552941176 0.544444444 0
out: 0.001338418
in: 0.951768489 0.317647059 0.3 0
out: 0.001338418
in: 0.52733119 0.552941176 0.144444444 0
out: 0.001430091
in: 0.919614148 0.317647059 0.244444444 0
out: 0.001475927
in: 0.591639871 0.529411765 0.4 0
out: 0.001494261
in: 0.659163987 0.411764706 0.444444444 0
out: 0.001503429
in: 0.610932476 0.4 0.644444444 0
out: 0.001549265
in: 0.517684887 0.341176471 0.344444444 0
out: 0.001604268
in: 0.652733119 0.482352941 0.444444444 0
out: 0.001741777
in: 0.488745981 0.364705882 0.944444444 0
out: 0.001778446
in: 0.572347267 0.658823529 0.2 0
out: 0.001787613
in: 0.572347267 0.788235294 0.244444444 0
out: 0.001842617
in: 0.170418006 0.823529412 0.5 0
out: 0.001961791
in: 0.533762058 0.552941176 0.1 0
out: 0.0020993
in: 0.752411576 0.388235294 0.5 0
out: 0.002300979
in: 0.469453376 0.305882353 1.044444444 0
out: 0.002319314
in: 0.665594855 0.529411765 0.244444444 0
out: 0.002337648
in: 0.704180064 0.411764706 0.2 0
out: 0.002355983
in: 0.559485531 0.588235294 0.444444444 0
out: 0.00246599
in: 0.646302251 0.458823529 0.6 0
out: 0.002511826
in: 0.569131833 0.458823529 0.244444444 0
out: 0.002814345
in: 0.45659164 0.623529412 0.2 0
out: 0.003208537
in: 0.652733119 0.458823529 0.544444444 0
out: 0.004152763
in: 0.186495177 0.635294118 0.644444444 0
out: 0.004226101
in: 0.617363344 0.517647059 0.3 0
out: 0.004299439
in: 0.588424437 0.529411765 0.244444444 0
out: 0.004473617
in: 0.463022508 0.776470588 0.6 0
out: 0.00479447
in: 0.768488746 0.376470588 0.744444444 0
out: 0.004886143
in: 0.61414791 0.376470588 0.444444444 0
out: 0.004986983
in: 0.398713826 0.623529412 0.244444444 0
out: 0.005848704
in: 0.540192926 0.529411765 0.5 0
out: 0.00626123
in: 0.668810289 0.4 0.544444444 0
out: 0.006380404
in: 0.565916399 0.541176471 0.344444444 0
out: 0.006453742
in: 0.36977492 0.458823529 0.644444444 0
out: 0.006591251
in: 0.675241158 0.494117647 0.244444444 0
out: 0.00669209
in: 0.427652733 0.494117647 0.1 0
out: 0.006783763
in: 0.36977492 0.705882353 0.444444444 0
out: 0.007553812
in: 0.376205788 0.388235294 0.444444444 0
out: 0.007617982
in: 0.778135048 0.329411765 0.3 0
out: 0.007957171
in: 0.790996785 0.258823529 0.5 0
out: 0.007984672
in: 0.781350482 0.294117647 0.444444444 0
out: 0.00862638
in: 0.790996785 0.258823529 0.5 0
out: 0.009176415
in: 0.75562701 0.423529412 0.6 0
out: 0.009185582
in: 0.186495177 0.635294118 0.644444444 0
out: 0.010019801
in: 0.691318328 0.176470588 0.1 0
out: 0.010138975
in: 0.446945338 0.694117647 0.7 0
out: 0.010303986
in: 0.726688103 0.447058824 0.4 0
out: 0.010377324
in: 0.694533762 0.388235294 0.244444444 0
out: 0.010569836
in: 0.398713826 0.635294118 0.4 0
out: 0.011092369
in: 0.282958199 0.8 0.244444444 0
out: 0.011963258
in: 0.649517685 0.435294118 0.3 0
out: 0.012559129
in: 0.485530547 0.752941176 0.444444444 0
out: 0.012824979
in: 0.710610932 0.4 0.2 0
out: 0.013356679
in: 0.736334405 0.364705882 0.8 0
out: 0.014163397
in: 0.665594855 0.435294118 0.244444444 0
out: 0.015767665
in: 0.63022508 0.388235294 0.7 0
out: 0.017628616
in: 0.745980707 0.305882353 0.544444444 0
out: 0.021460526
in: 0.591639871 0.294117647 0.344444444 0
out: 0.02221224
in: 0.163987138 1.129411765 0.644444444 0
out: 0.023834843
in: 0.646302251 0.552941176 0.544444444 0
out: 0.023954017
in: 0.353697749 0.541176471 0.644444444 0
out: 0.025072421
in: 0.546623794 0.317647059 0.544444444 0
out: 0.026273331
in: 0.546623794 0.317647059 0.544444444 0
out: 0.026273331
in: 0.54340836 0.705882353 0.144444444 0
out: 0.027025045
in: 0.398713826 0.858823529 0.7 0
out: 0.027795094
in: 0.623794212 0.223529412 0.144444444 0
out: 0.029078508
in: 0.488745981 0.317647059 0.344444444 0
out: 0.02920685
in: 0.520900322 0.694117647 0.344444444 0
out: 0.029399362
in: 0.59807074 0.576470588 0.4 0
out: 0.032892083
in: 0.353697749 0.541176471 0.644444444 0
out: 0.033781306
in: 0.430868167 0.929411765 0.4 0
out: 0.033937149
in: 0.495176849 0.670588235 0.5 0
out: 0.034569689
in: 0.736334405 0.458823529 0.544444444 0
out: 0.044506985
in: 0.517684887 0.517647059 0.444444444 0
out: 0.0452587
in: 0.646302251 0.4 0.5 0
out: 0.053445052
in: 0.909967846 0.305882353 0.344444444 0
out: 0.058762055
in: 0.52733119 0.505882353 0.444444444 0
out: 0.065362473
in: 0.848874598 0.247058824 0.5 0
out: 0.081120971
in: 0.893890675 0.317647059 0.344444444 0
out: 0.087253859
in: 0.601286174 0.505882353 0.3 0
out: 0.094780169
in: 0.781350482 0.423529412 0.344444444 0
out: 0.096861135
in: 0.569131833 0.294117647 0.344444444 0
out: 0.141982326
in: 0.63022508 0.482352941 0.644444444 0
out: 0.180118074
in: 0.585209003 0.541176471 0.2 0
out: 0.184206666
in: 0.604501608 0.470588235 0.244444444 0
out: 0.19515236
in: 0.807073955 0.317647059 0.444444444 0
out: 1
in: 0.430868167 0.882352941 0.2 0
out: 0
in: 0.488745981 0.6 0.3 0
out: 0
in: 0.536977492 0.235294118 0.344444444 0
out: 0
in: 0.495176849 0.776470588 0.444444444 0
out: 0.009286421
in: 0.704180064 0.858823529 0.844444444 0.15625
out: 0
in: 0.720257235 0.635294118 0.844444444 0
out: 0.002631
in: 0.861736334 0.447058824 0.7 0
out: 0.000696711
in: 0.826366559 0.458823529 0.6 0
out: 8.25052E-05
in: 0.665594855 0.823529412 0.244444444 0
out: 0.000687544
in: 0.922829582 0.329411765 0.3 0
out: 0
in: 0.697749196 0.470588235 0.044444444 0
out: 0.00226431
in: 0.861736334 0.294117647 0.344444444 0
out: 0.000623373
in: 0.77170418 0.423529412 0.344444444 0
out: 0.000220014
in: 0.710610932 0.435294118 0.4 0
out: 0.000192512
in: 0.688102894 0.447058824 0.3 0
out: 0.001393422
in: 0.607717042 0.482352941 0.344444444 0
out: 0.009478934
in: 0.717041801 0.541176471 0.444444444 0
out: 0
in: 0.768488746 0.482352941 0.244444444 0
out: 0.007352132
in: 0.688102894 0.517647059 0.3 0
out: 0.000623373
in: 0.662379421 0.694117647 0.1 0
out: 0
in: 0.762057878 0.470588235 0.2 0
out: 0.00126508
in: 0.909967846 0.376470588 0.444444444 0
out: 0.008113014
in: 0.360128617 0.988235294 0.844444444 0
out: 0.003025192
in: 0.688102894 0.494117647 0.344444444 0
out: 0.00389608
in: 0.620578778 0.458823529 0.4 0
out: 0.001430091
in: 0.70096463 0.623529412 0.344444444 0
out: 0.00599538
in: 0.710610932 0.635294118 0.844444444 0
out: 0.000724213
in: 0.623794212 0.647058824 0.444444444 0
out: 0.000155843
in: 0.762057878 0.282352941 0.344444444 0
out: 0
in: 0.675241158 0.376470588 0.344444444 0
out: 0
in: 0.61414791 0.623529412 0.3 0
out: 0.004033589
in: 0.70096463 0.658823529 0.344444444 0
out: 0.000476697
in: 0.646302251 0.682352941 0.5 0
out: 0.008498038
in: 0.649517685 0.552941176 0.444444444 0
out: 0.002832679
in: 0.154340836 0.670588235 0.944444444 0
out: 0.008232188
in: 0.163987138 0.717647059 0.888888889 0
out: 0.01025815
in: 0.163987138 0.717647059 0.544444444 0
out: 0.004931979
in: 0.147909968 0.247058824 0.944444444 0
out: 0.016363536
in: 0.147909968 0.247058824 0.944444444 0
out: 0.009836456
in: 0.147909968 0.247058824 0.944444444 0
out: 0.020195446
in: 0.147909968 0.247058824 0.944444444 0
out: 0.008956401
in: 0.07073955 0.694117647 0.544444444 0
out: 0.008498038
in: 0.163987138 0.282352941 0.944444444 0
out: 0.022707271
in: 0.135048232 0.6 0.444444444 0
out: 0
in: 0.282958199 0.411764706 0.344444444 0
out: 0.001008397
in: 0.241157556 0.541176471 0.888888889 0
out: 0.022221407
in: 0.752411576 0.470588235 0.7 0
out: 0
in: 0.405144695 1.058823529 0.844444444 0.03125
out: 0
in: 0.710610932 0.576470588 0.3 0
out: 0
in: 0.778135048 0.376470588 0.2 0
out: 0
in: 0.781350482 0.352941176 0.2 0
out: 0
in: 0.601286174 0.623529412 0.2 0
out: 0
in: 0.813504823 0.458823529 0.1 0
out: 0.007333798
in: 0.736334405 0.470588235 0.144444444 0
out: 0.002420153
in: 0.864951768 0.329411765 0.6 0
out: 0.079250853
in: 0.549839228 0.788235294 0.4 0
out: 0.006022881
in: 0.713826367 0.564705882 0.144444444 0
out: 0
in: 0.459807074 0.541176471 0.2 0
out: 0.000825052
in: 0.495176849 0.529411765 0.244444444 0
out: 0
in: 0.63022508 0.505882353 0.544444444 0
out: 0
in: 0.340836013 1.058823529 0.3 0
out: 0
in: 0.665594855 0.294117647 0.544444444 0
out: 0
in: 0.61414791 0.458823529 0.6 0
out: 0.003226871
in: 0.617363344 0.447058824 0.5 0
out: 0
in: 0.617363344 0.447058824 0.5 0
out: 0
in: 0.363344051 1.105882353 0.544444444 0
out: 0
in: 0.610932476 0.611764706 0.244444444 0
out: 0
in: 0.549839228 0.623529412 0.6 0
out: 0.000375857
in: 0.765273312 0.411764706 0.4 0
out: 0.004748634
in: 0.514469453 0.529411765 0.2 0
out: 0
in: 0.800643087 0.317647059 0.244444444 0
out: 0
in: 0.813504823 0.317647059 0.3 0
out: 0
in: 0.797427653 0.329411765 0.2 0
out: 0.013099996
in: 0.392282958 0.917647059 0.7 0
out: 0
in: 0.781350482 0.317647059 0.544444444 0
out: 0
in: 0.633440514 0.482352941 0.2 0
out: 0.001448425
in: 0.594855305 0.352941176 0.3 0
out: 0
in: 0.59807074 0.282352941 0.644444444 0
out: 0
in: 0.617363344 0.282352941 0.544444444 0
out: 0.003465219
in: 0.694533762 0.317647059 0.244444444 0
out: 0
in: 0.694533762 0.329411765 0.7 0
out: 0.004042756
in: 0.607717042 0.4 0.8 0
out: 0.031498662
in: 0.540192926 0.329411765 0.444444444 0
out: 0.006609585
in: 0.540192926 0.329411765 0.444444444 0
out: 0.000925892
in: 0.414790997 0.458823529 0.3 0
out: 0.00199846
in: 0.440514469 0.658823529 0.2 0
out: 0.004051923
in: 0.778135048 0.317647059 0.344444444 0
out: 0
in: 0.774919614 0.317647059 0.344444444 0
out: 0
in: 0.681672026 0.376470588 0.244444444 0
out: 0
in: 0.633440514 0.411764706 0.2 0
out: 0
in: 0.75562701 0.317647059 0.444444444 0
out: 0.003052693
in: 0.778135048 0.317647059 0.344444444 0
out: 0.006032049
in: 0.691318328 0.329411765 0.5 0
out: 0.014337575
in: 0.549839228 0.482352941 0.244444444 0
out: 0.010285651
in: 0.581993569 0.635294118 0.344444444 0
out: 0.001952624
in: 0.578778135 0.6 0.6 0
out: 0
in: 0.31511254 1.011764706 0.2 0
out: 0
in: 0.620578778 0.517647059 0.244444444 0
out: 0
in: 0.739549839 0.4 0.244444444 0
out: 0.051373254
in: 0.729903537 0.411764706 0.244444444 0
out: 0.006857101
in: 0.655948553 0.482352941 0.2 0
out: 0.001347585
in: 0.620578778 0.517647059 0.244444444 0
out: 0.003602728
in: 0.504823151 0.6 0.244444444 0
out: 0
in: 0.662379421 0.435294118 0.2 0
out: 0
in: 0.511254019 0.6 0.5 0
out: 0.00199846
in: 0.392282958 0.776470588 0.544444444 0
out: 0.005592021
in: 0.540192926 0.505882353 0.344444444 0
out: 0.005344505
in: 0.68488746 0.411764706 0.244444444 0
out: 0.02584247
in: 0.324758842 0.882352941 0.4 0
out: 0
in: 0.559485531 0.670588235 0.5 0
out: 0
in: 0.411575563 0.752941176 0.4 0
out: 0.001503429
