topology: 4 4 1 
in: 0.001 0.002 0.003 0.004
out: 0.841470985
in: 0.002 0.003 0.004 0.005
out: 0.909297427
in: 0.003 0.004 0.005 0.006
out: 0.141120008
in: 0.004 0.005 0.006 0.007
out: -0.756802495
in: 0.005 0.006 0.007 0.008
out: -0.958924275
in: 0.006 0.007 0.008 0.009
out: -0.279415498
in: 0.007 0.008 0.009 0.01
out: 0.656986599
in: 0.008 0.009 0.01 0.011
out: 0.989358247
in: 0.009 0.01 0.011 0.012
out: 0.412118485
in: 0.01 0.011 0.012 0.013
out: -0.544021111
in: 0.011 0.012 0.013 0.014
out: -0.999990207
in: 0.012 0.013 0.014 0.015
out: -0.536572918
in: 0.013 0.014 0.015 0.016
out: 0.420167037
in: 0.014 0.015 0.016 0.017
out: 0.990607356
in: 0.015 0.016 0.017 0.018
out: 0.65028784
in: 0.016 0.017 0.018 0.019
out: -0.287903317
in: 0.017 0.018 0.019 0.02
out: -0.961397492
in: 0.018 0.019 0.02 0.021
out: -0.750987247
in: 0.019 0.02 0.021 0.022
out: 0.14987721
in: 0.02 0.021 0.022 0.023
out: 0.912945251
in: 0.021 0.022 0.023 0.024
out: 0.836655639
in: 0.022 0.023 0.024 0.025
out: -0.008851309
in: 0.023 0.024 0.025 0.026
out: -0.846220404
in: 0.024 0.025 0.026 0.027
out: -0.905578362
in: 0.025 0.026 0.027 0.028
out: -0.13235175
in: 0.026 0.027 0.028 0.029
out: 0.76255845
in: 0.027 0.028 0.029 0.03
out: 0.956375928
in: 0.028 0.029 0.03 0.031
out: 0.270905788
in: 0.029 0.03 0.031 0.032
out: -0.663633884
in: 0.03 0.031 0.032 0.033
out: -0.988031624
in: 0.031 0.032 0.033 0.034
out: -0.404037645
in: 0.032 0.033 0.034 0.035
out: 0.551426681
in: 0.033 0.034 0.035 0.036
out: 0.99991186
in: 0.034 0.035 0.036 0.037
out: 0.529082686
in: 0.035 0.036 0.037 0.038
out: -0.428182669
in: 0.036 0.037 0.038 0.039
out: -0.991778853
in: 0.037 0.038 0.039 0.04
out: -0.643538133
in: 0.038 0.039 0.04 0.041
out: 0.296368579
in: 0.039 0.04 0.041 0.042
out: 0.963795386
in: 0.04 0.041 0.042 0.043
out: 0.74511316
in: 0.041 0.042 0.043 0.044
out: -0.158622669
in: 0.042 0.043 0.044 0.045
out: -0.916521548
in: 0.043 0.044 0.045 0.046
out: -0.831774743
in: 0.044 0.045 0.046 0.047
out: 0.017701925
in: 0.045 0.046 0.047 0.048
out: 0.850903525
in: 0.046 0.047 0.048 0.049
out: 0.901788348
in: 0.047 0.048 0.049 0.05
out: 0.123573123
in: 0.048 0.049 0.05 0.051
out: -0.768254661
in: 0.049 0.05 0.051 0.052
out: -0.953752653
in: 0.05 0.051 0.052 0.053
out: -0.262374854
in: 0.051 0.052 0.053 0.054
out: 0.670229176
in: 0.052 0.053 0.054 0.055
out: 0.986627592
in: 0.053 0.054 0.055 0.056
out: 0.39592515
in: 0.054 0.055 0.056 0.057
out: -0.558789049
in: 0.055 0.056 0.057 0.058
out: -0.999755173
in: 0.056 0.057 0.058 0.059
out: -0.521551002
in: 0.057 0.058 0.059 0.06
out: 0.436164755
in: 0.058 0.059 0.06 0.061
out: 0.992872648
in: 0.059 0.06 0.061 0.062
out: 0.636738007
in: 0.06 0.061 0.062 0.063
out: -0.304810621
in: 0.061 0.062 0.063 0.064
out: -0.96611777
in: 0.062 0.063 0.064 0.065
out: -0.739180697
in: 0.063 0.064 0.065 0.066
out: 0.1673557
in: 0.064 0.065 0.066 0.067
out: 0.920026038
in: 0.065 0.066 0.067 0.068
out: 0.826828679
in: 0.066 0.067 0.068 0.069
out: -0.026551154
in: 0.067 0.068 0.069 0.07
out: -0.855519979
in: 0.068 0.069 0.07 0.071
out: -0.897927681
in: 0.069 0.07 0.071 0.072
out: -0.114784814
in: 0.07 0.071 0.072 0.073
out: 0.773890682
in: 0.071 0.072 0.073 0.074
out: 0.951054653
in: 0.072 0.073 0.074 0.075
out: 0.253823363
in: 0.073 0.074 0.075 0.076
out: -0.676771957
in: 0.074 0.075 0.076 0.077
out: -0.98514626
in: 0.075 0.076 0.077 0.078
out: -0.387781635
in: 0.076 0.077 0.078 0.079
out: 0.566107637
in: 0.077 0.078 0.079 0.08
out: 0.999520159
in: 0.078 0.079 0.08 0.081
out: 0.513978456
in: 0.079 0.08 0.081 0.082
out: -0.444112669
in: 0.08 0.081 0.082 0.083
out: -0.993888654
in: 0.081 0.082 0.083 0.084
out: -0.629887994
in: 0.082 0.083 0.084 0.085
out: 0.313228782
in: 0.083 0.084 0.085 0.086
out: 0.968364461
in: 0.084 0.085 0.086 0.087
out: 0.73319032
in: 0.085 0.086 0.087 0.088
out: -0.17607562
in: 0.086 0.087 0.088 0.089
out: -0.923458447
in: 0.087 0.088 0.089 0.09
out: -0.821817837
in: 0.088 0.089 0.09 0.091
out: 0.035398303
in: 0.089 0.09 0.091 0.092
out: 0.860069406
in: 0.09 0.091 0.092 0.093
out: 0.893996664
in: 0.091 0.092 0.093 0.094
out: 0.105987512
in: 0.092 0.093 0.094 0.095
out: -0.77946607
in: 0.093 0.094 0.095 0.096
out: -0.948282141
in: 0.094 0.095 0.096 0.097
out: -0.245251985
in: 0.095 0.096 0.097 0.098
out: 0.683261715
in: 0.096 0.097 0.098 0.099
out: 0.983587745
in: 0.097 0.098 0.099 0.1
out: 0.379607739
in: 0.098 0.099 0.1 0.101
out: -0.573381872
in: 0.099 0.1 0.101 0.102
out: -0.999206834
in: 0.1 0.101 0.102 0.103
out: -0.506365641
in: 0.101 0.102 0.103 0.104
out: 0.452025787
in: 0.102 0.103 0.104 0.105
out: 0.994826791
in: 0.103 0.104 0.105 0.106
out: 0.622988631
in: 0.104 0.105 0.106 0.107
out: -0.321622403
in: 0.105 0.106 0.107 0.108
out: -0.970535284
in: 0.106 0.107 0.108 0.109
out: -0.7271425
in: 0.107 0.108 0.109 0.11
out: 0.184781745
in: 0.108 0.109 0.11 0.111
out: 0.926818505
in: 0.109 0.11 0.111 0.112
out: 0.816742607
in: 0.11 0.111 0.112 0.113
out: -0.044242678
in: 0.111 0.112 0.113 0.114
out: -0.864551449
in: 0.112 0.113 0.114 0.115
out: -0.889995604
in: 0.113 0.114 0.115 0.116
out: -0.097181906
in: 0.114 0.115 0.116 0.117
out: 0.784980389
in: 0.115 0.116 0.117 0.118
out: 0.945435334
in: 0.116 0.117 0.118 0.119
out: 0.236661393
in: 0.117 0.118 0.119 0.12
out: -0.689697941
in: 0.118 0.119 0.12 0.121
out: -0.981952169
in: 0.119 0.12 0.121 0.122
out: -0.371404101
in: 0.12 0.121 0.122 0.123
out: 0.580611184
in: 0.121 0.122 0.123 0.124
out: 0.998815225
in: 0.122 0.123 0.124 0.125
out: 0.498713154
in: 0.123 0.124 0.125 0.126
out: -0.459903491
in: 0.124 0.125 0.126 0.127
out: -0.995686987
in: 0.125 0.126 0.127 0.128
out: -0.616040459
in: 0.126 0.127 0.128 0.129
out: 0.329990826
in: 0.127 0.128 0.129 0.13
out: 0.972630067
in: 0.128 0.129 0.13 0.131
out: 0.721037711
in: 0.129 0.13 0.131 0.132
out: -0.193473392
in: 0.13 0.131 0.132 0.133
out: -0.93010595
in: 0.131 0.132 0.133 0.134
out: -0.811603387
in: 0.132 0.133 0.134 0.135
out: 0.053083587
in: 0.133 0.134 0.135 0.136
out: 0.868965756
in: 0.134 0.135 0.136 0.137
out: 0.885924816
in: 0.135 0.136 0.137 0.138
out: 0.088368686
in: 0.136 0.137 0.138 0.139
out: -0.790433207
in: 0.137 0.138 0.139 0.14
out: -0.942514455
in: 0.138 0.139 0.14 0.141
out: -0.22805226
in: 0.139 0.14 0.141 0.142
out: 0.696080131
in: 0.14 0.141 0.142 0.143
out: 0.980239659
in: 0.141 0.142 0.143 0.144
out: 0.363171365
in: 0.142 0.143 0.144 0.145
out: -0.587795007
in: 0.143 0.144 0.145 0.146
out: -0.998345361
in: 0.144 0.145 0.146 0.147
out: -0.491021594
in: 0.145 0.146 0.147 0.148
out: 0.467745162
in: 0.146 0.147 0.148 0.149
out: 0.996469173
in: 0.147 0.148 0.149 0.15
out: 0.609044022
in: 0.148 0.149 0.15 0.151
out: -0.338333394
in: 0.149 0.15 0.151 0.152
out: -0.974648648
in: 0.15 0.151 0.152 0.153
out: -0.71487643
in: 0.151 0.152 0.153 0.154
out: 0.202149881
in: 0.152 0.153 0.154 0.155
out: 0.933320524
in: 0.153 0.154 0.155 0.156
out: 0.806400581
in: 0.154 0.155 0.156 0.157
out: -0.061920337
in: 0.155 0.156 0.157 0.158
out: -0.873311983
in: 0.156 0.157 0.158 0.159
out: -0.881784619
in: 0.157 0.158 0.159 0.16
out: -0.079548543
in: 0.158 0.159 0.16 0.161
out: 0.795824097
in: 0.159 0.16 0.161 0.162
out: 0.939519732
in: 0.16 0.161 0.162 0.163
out: 0.219425258
in: 0.161 0.162 0.163 0.164
out: -0.702407786
in: 0.162 0.163 0.164 0.165
out: -0.978450351
in: 0.163 0.164 0.165 0.166
out: -0.354910176
in: 0.164 0.165 0.166 0.167
out: 0.594932778
in: 0.165 0.166 0.167 0.168
out: 0.997797279
in: 0.166 0.167 0.168 0.169
out: 0.483291564
in: 0.167 0.168 0.169 0.17
out: -0.475550187
in: 0.168 0.169 0.17 0.171
out: -0.997173289
in: 0.169 0.17 0.171 0.172
out: -0.601999868
in: 0.17 0.171 0.172 0.173
out: 0.346649455
in: 0.171 0.172 0.173 0.174
out: 0.976590868
in: 0.172 0.173 0.174 0.175
out: 0.70865914
in: 0.173 0.174 0.175 0.176
out: -0.210810533
in: 0.174 0.175 0.176 0.177
out: -0.936461974
in: 0.175 0.176 0.177 0.178
out: -0.801134595
in: 0.176 0.177 0.178 0.179
out: 0.070752236
in: 0.177 0.178 0.179 0.18
out: 0.877589788
in: 0.178 0.179 0.18 0.181
out: 0.877575336
in: 0.179 0.18 0.181 0.182
out: 0.070722167
in: 0.18 0.181 0.182 0.183
out: -0.801152636
in: 0.181 0.182 0.183 0.184
out: -0.9364514
in: 0.182 0.183 0.184 0.185
out: -0.210781066
in: 0.183 0.184 0.185 0.186
out: 0.708680408
in: 0.184 0.185 0.186 0.187
out: 0.976584383
in: 0.185 0.186 0.187 0.188
out: 0.34662118
in: 0.186 0.187 0.188 0.189
out: -0.602023938
in: 0.187 0.188 0.189 0.19
out: -0.997171023
in: 0.188 0.189 0.19 0.191
out: -0.475523669
in: 0.189 0.19 0.191 0.192
out: 0.483317954
in: 0.19 0.191 0.192 0.193
out: 0.997799279
in: 0.191 0.192 0.193 0.194
out: 0.594908548
in: 0.192 0.193 0.194 0.195
out: -0.354938358
in: 0.193 0.194 0.195 0.196
out: -0.978456575
in: 0.194 0.195 0.196 0.197
out: -0.702386329
in: 0.195 0.196 0.197 0.198
out: 0.219454668
in: 0.196 0.197 0.198 0.199
out: 0.939530056
in: 0.197 0.198 0.199 0.2
out: 0.795805843
in: 0.198 0.199 0.2 0.201
out: -0.079578592
in: 0.199 0.2 0.201 0.202
out: -0.881798836
in: 0.2 0.201 0.202 0.203
out: -0.873297297
in: 0.201 0.202 0.203 0.204
out: -0.061890251
in: 0.202 0.203 0.204 0.205
out: 0.806418407
in: 0.203 0.204 0.205 0.206
out: 0.9333097
in: 0.204 0.205 0.206 0.207
out: 0.202120359
in: 0.205 0.206 0.207 0.208
out: -0.714897508
in: 0.206 0.207 0.208 0.209
out: -0.974641903
in: 0.207 0.208 0.209 0.21
out: -0.338305028
in: 0.208 0.209 0.21 0.211
out: 0.60906793
in: 0.209 0.21 0.211 0.212
out: 0.996466642
in: 0.21 0.211 0.212 0.213
out: 0.467718518
in: 0.211 0.212 0.213 0.214
out: -0.491047854
in: 0.212 0.213 0.214 0.215
out: -0.998347094
in: 0.213 0.214 0.215 0.216
out: -0.58777062
in: 0.214 0.215 0.216 0.217
out: 0.363199451
in: 0.215 0.216 0.217 0.218
out: 0.980245622
in: 0.216 0.217 0.218 0.219
out: 0.696058488
in: 0.217 0.218 0.219 0.22
out: -0.228081609
in: 0.218 0.219 0.22 0.221
out: -0.942524527
in: 0.219 0.22 0.221 0.222
out: -0.790414741
in: 0.22 0.221 0.222 0.223
out: 0.088398712
in: 0.221 0.222 0.223 0.224
out: 0.885938798
in: 0.222 0.223 0.224 0.225
out: 0.868950838
in: 0.223 0.224 0.225 0.226
out: 0.053053485
in: 0.224 0.225 0.226 0.227
out: -0.811620997
in: 0.225 0.226 0.227 0.228
out: -0.930094878
in: 0.226 0.227 0.228 0.229
out: -0.193443817
in: 0.227 0.228 0.229 0.23
out: 0.721058597
in: 0.228 0.229 0.23 0.231
out: 0.972623062
in: 0.229 0.23 0.231 0.232
out: 0.32996237
in: 0.23 0.231 0.232 0.233
out: -0.616064204
in: 0.231 0.232 0.233 0.234
out: -0.99568419
in: 0.232 0.233 0.234 0.235
out: -0.459876723
in: 0.233 0.234 0.235 0.236
out: 0.498739282
in: 0.234 0.235 0.236 0.237
out: 0.998816691
in: 0.235 0.236 0.237 0.238
out: 0.580586641
in: 0.236 0.237 0.238 0.239
out: -0.371432089
in: 0.237 0.238 0.239 0.24
out: -0.98195787
in: 0.238 0.239 0.24 0.241
out: -0.689676113
in: 0.239 0.24 0.241 0.242
out: 0.236690681
in: 0.24 0.241 0.242 0.243
out: 0.945445155
in: 0.241 0.242 0.243 0.244
out: 0.784961713
in: 0.242 0.243 0.244 0.245
out: -0.097211908
in: 0.243 0.244 0.245 0.246
out: -0.890009349
in: 0.244 0.245 0.246 0.247
out: -0.864536299
in: 0.245 0.246 0.247 0.248
out: -0.044212563
in: 0.246 0.247 0.248 0.249
out: 0.81676
in: 0.247 0.248 0.249 0.25
out: 0.926807186
in: 0.248 0.249 0.25 0.251
out: 0.184752119
in: 0.249 0.25 0.251 0.252
out: -0.727163193
in: 0.25 0.251 0.252 0.253
out: -0.97052802
in: 0.251 0.252 0.253 0.254
out: -0.32159386
in: 0.252 0.253 0.254 0.255
out: 0.623012211
in: 0.253 0.254 0.255 0.256
out: 0.994823729
in: 0.254 0.255 0.256 0.257
out: 0.451998898
in: 0.255 0.256 0.257 0.258
out: -0.506391635
in: 0.256 0.257 0.258 0.259
out: -0.999208034
in: 0.257 0.258 0.259 0.26
out: -0.573357175
in: 0.258 0.259 0.26 0.261
out: 0.379635627
in: 0.259 0.26 0.261 0.262
out: 0.983593184
in: 0.26 0.261 0.262 0.263
out: 0.683239704
in: 0.261 0.262 0.263 0.264
out: -0.245281209
in: 0.262 0.263 0.264 0.265
out: -0.94829171
in: 0.263 0.264 0.265 0.266
out: -0.779447185
in: 0.264 0.265 0.266 0.267
out: 0.106017486
in: 0.265 0.266 0.267 0.268
out: 0.89401017
in: 0.266 0.267 0.268 0.269
out: 0.860054026
in: 0.267 0.268 0.269 0.27
out: 0.035368177
in: 0.268 0.269 0.27 0.271
out: -0.821835011
in: 0.269 0.27 0.271 0.272
out: -0.92344688
in: 0.27 0.271 0.272 0.273
out: -0.176045946
in: 0.271 0.272 0.273 0.274
out: 0.733210819
in: 0.272 0.273 0.274 0.275
out: 0.968356938
in: 0.273 0.274 0.275 0.276
out: 0.313200155
in: 0.274 0.275 0.276 0.277
out: -0.629911407
in: 0.275 0.276 0.277 0.278
out: -0.993885326
in: 0.276 0.277 0.278 0.279
out: -0.44408566
in: 0.277 0.278 0.279 0.28
out: 0.514004314
in: 0.278 0.279 0.28 0.281
out: 0.999521092
in: 0.279 0.28 0.281 0.282
out: 0.566082788
in: 0.28 0.281 0.282 0.283
out: -0.387809421
in: 0.281 0.282 0.283 0.284
out: -0.985151436
in: 0.282 0.283 0.284 0.285
out: -0.676749765
in: 0.283 0.284 0.285 0.286
out: 0.25385252
in: 0.284 0.285 0.286 0.287
out: 0.951063968
in: 0.285 0.286 0.287 0.288
out: 0.77387159
in: 0.286 0.287 0.288 0.289
out: -0.114814759
in: 0.287 0.288 0.289 0.29
out: -0.897940948
in: 0.288 0.289 0.29 0.291
out: -0.855504371
in: 0.289 0.29 0.291 0.292
out: -0.02652102
in: 0.29 0.291 0.292 0.293
out: 0.826845634
in: 0.291 0.292 0.293 0.294
out: 0.920014225
in: 0.292 0.293 0.294 0.295
out: 0.167325981
in: 0.293 0.294 0.295 0.296
out: -0.739200999
in: 0.294 0.295 0.296 0.297
out: -0.966109989
in: 0.295 0.296 0.297 0.298
out: -0.304781911
in: 0.296 0.297 0.298 0.299
out: 0.636761251
in: 0.297 0.298 0.299 0.3
out: 0.992869055
in: 0.298 0.299 0.3 0.301
out: 0.436137629
in: 0.299 0.3 0.301 0.302
out: -0.521576722
in: 0.3 0.301 0.302 0.303
out: -0.99975584
in: 0.301 0.302 0.303 0.304
out: -0.55876405
in: 0.302 0.303 0.304 0.305
out: 0.395952831
in: 0.303 0.304 0.305 0.306
out: 0.986632505
in: 0.304 0.305 0.306 0.307
out: 0.670206804
in: 0.305 0.306 0.307 0.308
out: -0.262403942
in: 0.306 0.307 0.308 0.309
out: -0.953761713
in: 0.307 0.308 0.309 0.31
out: -0.768235364
in: 0.308 0.309 0.31 0.311
out: 0.123603036
in: 0.309 0.31 0.311 0.312
out: 0.901801375
in: 0.31 0.311 0.312 0.313
out: 0.850887689
in: 0.311 0.312 0.313 0.314
out: 0.017671785
in: 0.312 0.313 0.314 0.315
out: -0.831791476
in: 0.313 0.314 0.315 0.316
out: -0.91650949
in: 0.314 0.315 0.316 0.317
out: -0.158592906
in: 0.315 0.316 0.317 0.318
out: 0.745133265
in: 0.316 0.317 0.318 0.319
out: 0.963787348
in: 0.317 0.318 0.319 0.32
out: 0.296339788
in: 0.318 0.319 0.32 0.321
out: -0.643561206
in: 0.319 0.32 0.321 0.322
out: -0.991774996
in: 0.32 0.321 0.322 0.323
out: -0.428155428
in: 0.321 0.322 0.323 0.324
out: 0.529108265
in: 0.322 0.323 0.324 0.325
out: 0.99991226
in: 0.323 0.324 0.325 0.326
out: 0.551401534
in: 0.324 0.325 0.326 0.327
out: -0.404065219
in: 0.325 0.326 0.327 0.328
out: -0.988036273
in: 0.326 0.327 0.328 0.329
out: -0.663611334
in: 0.327 0.328 0.329 0.33
out: 0.270934805
in: 0.328 0.329 0.33 0.331
out: 0.956384734
in: 0.329 0.33 0.331 0.332
out: 0.762538949
in: 0.33 0.331 0.332 0.333
out: -0.132381629
in: 0.331 0.332 0.333 0.334
out: -0.905591148
in: 0.332 0.333 0.334 0.335
out: -0.846204342
in: 0.333 0.334 0.335 0.336
out: -0.008821166
in: 0.334 0.335 0.336 0.337
out: 0.836672149
in: 0.335 0.336 0.337 0.338
out: 0.912932949
in: 0.336 0.337 0.338 0.339
out: 0.149847406
in: 0.337 0.338 0.339 0.34
out: -0.751007151
in: 0.338 0.339 0.34 0.341
out: -0.961389197
in: 0.339 0.34 0.341 0.342
out: -0.287874449
in: 0.34 0.341 0.342 0.343
out: 0.65031074
in: 0.341 0.342 0.343 0.344
out: 0.990603233
in: 0.342 0.343 0.344 0.345
out: 0.420139682
in: 0.343 0.344 0.345 0.346
out: -0.536598355
in: 0.344 0.345 0.346 0.347
out: -0.99999034
in: 0.345 0.346 0.347 0.348
out: -0.543995817
in: 0.346 0.347 0.348 0.349
out: 0.41214595
in: 0.347 0.348 0.349 0.35
out: 0.989362632
in: 0.348 0.349 0.35 0.351
out: 0.656963873
in: 0.349 0.35 0.351 0.352
out: -0.279444442
in: 0.35 0.351 0.352 0.353
out: -0.958932825
in: 0.351 0.352 0.353 0.354
out: -0.756782791
in: 0.352 0.353 0.354 0.355
out: 0.141149851
in: 0.353 0.354 0.355 0.356
out: 0.909309971
in: 0.354 0.355 0.356 0.357
out: 0.841454697
in: 0.355 0.356 0.357 0.358
out: -3.01444E-05
in: 0.356 0.357 0.358 0.359
out: -0.841487271
in: 0.357 0.358 0.359 0.36
out: -0.909284882
in: 0.358 0.359 0.36 0.361
out: -0.141090165
in: 0.359 0.36 0.361 0.362
out: 0.756822199
in: 0.36 0.361 0.362 0.363
out: 0.958915723
in: 0.361 0.362 0.363 0.364
out: 0.279386554
in: 0.362 0.363 0.364 0.365
out: -0.657009324
in: 0.363 0.364 0.365 0.366
out: -0.98935386
in: 0.364 0.365 0.366 0.367
out: -0.41209102
in: 0.365 0.366 0.367 0.368
out: 0.544046404
in: 0.366 0.367 0.368 0.369
out: 0.999990073
in: 0.367 0.368 0.369 0.37
out: 0.53654748
in: 0.368 0.369 0.37 0.371
out: -0.420194391
in: 0.369 0.37 0.371 0.372
out: -0.990611477
in: 0.37 0.371 0.372 0.373
out: -0.65026494
in: 0.371 0.372 0.373 0.374
out: 0.287932185
in: 0.372 0.373 0.374 0.375
out: 0.961405786
in: 0.373 0.374 0.375 0.376
out: 0.750967342
in: 0.374 0.375 0.376 0.377
out: -0.149907013
in: 0.375 0.376 0.377 0.378
out: -0.912957552
in: 0.376 0.377 0.378 0.379
out: -0.836639127
in: 0.377 0.378 0.379 0.38
out: 0.008881452
in: 0.378 0.379 0.38 0.381
out: 0.846236466
in: 0.379 0.38 0.381 0.382
out: 0.905565575
in: 0.38 0.381 0.382 0.383
out: 0.132321871
in: 0.381 0.382 0.383 0.384
out: -0.762577951
in: 0.382 0.383 0.384 0.385
out: -0.956367122
in: 0.383 0.384 0.385 0.386
out: -0.270876771
in: 0.384 0.385 0.386 0.387
out: 0.663656434
in: 0.385 0.386 0.387 0.388
out: 0.988026974
in: 0.386 0.387 0.388 0.389
out: 0.404010071
in: 0.387 0.388 0.389 0.39
out: -0.551451828
in: 0.388 0.389 0.39 0.391
out: -0.999911459
in: 0.389 0.39 0.391 0.392
out: -0.529057106
in: 0.39 0.391 0.392 0.393
out: 0.428209911
in: 0.391 0.392 0.393 0.394
out: 0.99178271
in: 0.392 0.393 0.394 0.395
out: 0.64351506
in: 0.393 0.394 0.395 0.396
out: -0.296397369
in: 0.394 0.395 0.396 0.397
out: -0.963803424
in: 0.395 0.396 0.397 0.398
out: -0.745093056
in: 0.396 0.397 0.398 0.399
out: 0.158652431
in: 0.397 0.398 0.399 0.4
out: 0.916533605
in: 0.398 0.399 0.4 0.401
out: 0.831758009
in: 0.399 0.4 0.401 0.402
out: -0.017732065
in: 0.4 0.401 0.402 0.403
out: -0.85091936
in: 0.401 0.402 0.403 0.404
out: -0.90177532
in: 0.402 0.403 0.404 0.405
out: -0.123543209
in: 0.403 0.404 0.405 0.406
out: 0.768273958
in: 0.404 0.405 0.406 0.407
out: 0.953743591
in: 0.405 0.406 0.407 0.408
out: 0.262345765
in: 0.406 0.407 0.408 0.409
out: -0.670251547
in: 0.407 0.408 0.409 0.41
out: -0.986622678
in: 0.408 0.409 0.41 0.411
out: -0.395897469
in: 0.409 0.41 0.411 0.412
out: 0.558814048
in: 0.41 0.411 0.412 0.413
out: 0.999754506
in: 0.411 0.412 0.413 0.414
out: 0.521525282
in: 0.412 0.413 0.414 0.415
out: -0.436191881
in: 0.413 0.414 0.415 0.416
out: -0.99287624
in: 0.414 0.415 0.416 0.417
out: -0.636714763
in: 0.415 0.416 0.417 0.418
out: 0.304839331
in: 0.416 0.417 0.418 0.419
out: 0.96612555
in: 0.417 0.418 0.419 0.42
out: 0.739160394
in: 0.418 0.419 0.42 0.421
out: -0.167385419
in: 0.419 0.42 0.421 0.422
out: -0.92003785
in: 0.42 0.421 0.422 0.423
out: -0.826811724
in: 0.421 0.422 0.423 0.424
out: 0.026581288
in: 0.422 0.423 0.424 0.425
out: 0.855535586
in: 0.423 0.424 0.425 0.426
out: 0.897914412
in: 0.424 0.425 0.426 0.427
out: 0.114754869
in: 0.425 0.426 0.427 0.428
out: -0.773909772
in: 0.426 0.427 0.428 0.429
out: -0.951045338
in: 0.427 0.428 0.429 0.43
out: -0.253794206
in: 0.428 0.429 0.43 0.431
out: 0.676794149
in: 0.429 0.43 0.431 0.432
out: 0.985141084
in: 0.43 0.431 0.432 0.433
out: 0.38775385
in: 0.431 0.432 0.433 0.434
out: -0.566132486
in: 0.432 0.433 0.434 0.435
out: -0.999519224
in: 0.433 0.434 0.435 0.436
out: -0.513952598
in: 0.434 0.435 0.436 0.437
out: 0.444139677
in: 0.435 0.436 0.437 0.438
out: 0.993891981
in: 0.436 0.437 0.438 0.439
out: 0.629864581
in: 0.437 0.438 0.439 0.44
out: -0.31325741
in: 0.438 0.439 0.44 0.441
out: -0.968371983
in: 0.439 0.44 0.441 0.442
out: -0.733169821
in: 0.44 0.441 0.442 0.443
out: 0.176105293
in: 0.441 0.442 0.443 0.444
out: 0.923470013
in: 0.442 0.443 0.444 0.445
out: 0.821800662
in: 0.443 0.444 0.445 0.446
out: -0.035428428
in: 0.444 0.445 0.446 0.447
out: -0.860084784
in: 0.445 0.446 0.447 0.448
out: -0.893983156
in: 0.446 0.447 0.448 0.449
out: -0.105957537
in: 0.447 0.448 0.449 0.45
out: 0.779484953
in: 0.448 0.449 0.45 0.451
out: 0.948272572
in: 0.449 0.45 0.451 0.452
out: 0.245222762
in: 0.45 0.451 0.452 0.453
out: -0.683283725
in: 0.451 0.452 0.453 0.454
out: -0.983582306
in: 0.452 0.453 0.454 0.455
out: -0.379579851
in: 0.453 0.454 0.455 0.456
out: 0.573406569
in: 0.454 0.455 0.456 0.457
out: 0.999205633
in: 0.455 0.456 0.457 0.458
out: 0.506339647
in: 0.456 0.457 0.458 0.459
out: -0.452052676
in: 0.457 0.458 0.459 0.46
out: -0.994829853
in: 0.458 0.459 0.46 0.461
out: -0.622965051
in: 0.459 0.46 0.461 0.462
out: 0.321650946
in: 0.46 0.461 0.462 0.463
out: 0.970542547
in: 0.461 0.462 0.463 0.464
out: 0.727121806
in: 0.462 0.463 0.464 0.465
out: -0.18481137
in: 0.463 0.464 0.465 0.466
out: -0.926829824
in: 0.464 0.465 0.466 0.467
out: -0.816725213
in: 0.465 0.466 0.467 0.468
out: 0.044272793
in: 0.466 0.467 0.468 0.469
out: 0.864566597
in: 0.467 0.468 0.469 0.47
out: 0.889981859
in: 0.468 0.469 0.47 0.471
out: 0.097151904
in: 0.469 0.47 0.471 0.472
out: -0.784999063
in: 0.47 0.471 0.472 0.473
out: -0.945425512
in: 0.471 0.472 0.473 0.474
out: -0.236632105
in: 0.472 0.473 0.474 0.475
out: 0.689719768
in: 0.473 0.474 0.475 0.476
out: 0.981946467
in: 0.474 0.475 0.476 0.477
out: 0.371376113
in: 0.475 0.476 0.477 0.478
out: -0.580635727
in: 0.476 0.477 0.478 0.479
out: -0.998813757
in: 0.477 0.478 0.479 0.48
out: -0.498687026
in: 0.478 0.479 0.48 0.481
out: 0.459930258
in: 0.479 0.48 0.481 0.482
out: 0.995689783
in: 0.48 0.481 0.482 0.483
out: 0.616016714
in: 0.481 0.482 0.483 0.484
out: -0.330019281
in: 0.482 0.483 0.484 0.485
out: -0.972637071
in: 0.483 0.484 0.485 0.486
out: -0.721016823
in: 0.484 0.485 0.486 0.487
out: 0.193502967
in: 0.485 0.486 0.487 0.488
out: 0.930117022
in: 0.486 0.487 0.488 0.489
out: 0.811585776
in: 0.487 0.488 0.489 0.49
out: -0.053113689
in: 0.488 0.489 0.49 0.491
out: -0.868980673
in: 0.489 0.49 0.491 0.492
out: -0.885910834
in: 0.49 0.491 0.492 0.493
out: -0.08833866
in: 0.491 0.492 0.493 0.494
out: 0.790451671
in: 0.492 0.493 0.494 0.495
out: 0.942504381
in: 0.493 0.494 0.495 0.496
out: 0.228022909
in: 0.494 0.495 0.496 0.497
out: -0.696101773
in: 0.495 0.496 0.497 0.498
out: -0.980233696
in: 0.496 0.497 0.498 0.499
out: -0.363143279
in: 0.497 0.498 0.499 0.5
out: 0.587819394
in: 0.498 0.499 0.5 0.501
out: 0.998343627
in: 0.499 0.5 0.501 0.502
out: 0.490995334
in: 0.5 0.501 0.502 0.503
out: -0.467771805
in: 0.501 0.502 0.503 0.504
out: -0.996471704
in: 0.502 0.503 0.504 0.505
out: -0.609020113
in: 0.503 0.504 0.505 0.506
out: 0.338361761
in: 0.504 0.505 0.506 0.507
out: 0.974655392
in: 0.505 0.506 0.507 0.508
out: 0.714855351
in: 0.506 0.507 0.508 0.509
out: -0.202179403
in: 0.507 0.508 0.509 0.51
out: -0.933331346
in: 0.508 0.509 0.51 0.511
out: -0.806382754
in: 0.509 0.51 0.511 0.512
out: 0.061950424
in: 0.51 0.511 0.512 0.513
out: 0.873326668
in: 0.511 0.512 0.513 0.514
out: 0.881770401
in: 0.512 0.513 0.514 0.515
out: 0.079518494
in: 0.513 0.514 0.515 0.516
out: -0.795842349
in: 0.514 0.515 0.516 0.517
out: -0.939509407
in: 0.515 0.516 0.517 0.518
out: -0.219395849
in: 0.516 0.517 0.518 0.519
out: 0.702429241
in: 0.517 0.518 0.519 0.52
out: 0.978444126
in: 0.518 0.519 0.52 0.521
out: 0.354881994
in: 0.519 0.52 0.521 0.522
out: -0.594957007
in: 0.52 0.521 0.522 0.523
out: -0.997795279
in: 0.521 0.522 0.523 0.524
out: -0.483265173
in: 0.522 0.523 0.524 0.525
out: 0.475576704
in: 0.523 0.524 0.525 0.526
out: 0.997175553
in: 0.524 0.525 0.526 0.527
out: 0.601975797
in: 0.525 0.526 0.527 0.528
out: -0.346677731
in: 0.526 0.527 0.528 0.529
out: -0.976597352
in: 0.527 0.528 0.529 0.53
out: -0.708637871
in: 0.528 0.529 0.53 0.531
out: 0.21084
in: 0.529 0.53 0.531 0.532
out: 0.936472548
in: 0.53 0.531 0.532 0.533
out: 0.801116554
in: 0.531 0.532 0.533 0.534
out: -0.070782305
in: 0.532 0.533 0.534 0.535
out: -0.877604239
in: 0.533 0.534 0.535 0.536
out: -0.877560883
in: 0.534 0.535 0.536 0.537
out: -0.070692098
in: 0.535 0.536 0.537 0.538
out: 0.801170676
in: 0.536 0.537 0.538 0.539
out: 0.936440825
in: 0.537 0.538 0.539 0.54
out: 0.210751599
in: 0.538 0.539 0.54 0.541
out: -0.708701676
in: 0.539 0.54 0.541 0.542
out: -0.976577898
in: 0.54 0.541 0.542 0.543
out: -0.346592904
in: 0.541 0.542 0.543 0.544
out: 0.602048007
in: 0.542 0.543 0.544 0.545
out: 0.997168757
in: 0.543 0.544 0.545 0.546
out: 0.475497151
in: 0.544 0.545 0.546 0.547
out: -0.483344343
in: 0.545 0.546 0.547 0.548
out: -0.997801277
in: 0.546 0.547 0.548 0.549
out: -0.594884318
in: 0.547 0.548 0.549 0.55
out: 0.354966539
in: 0.548 0.549 0.55 0.551
out: 0.978462798
in: 0.549 0.55 0.551 0.552
out: 0.702364872
in: 0.55 0.551 0.552 0.553
out: -0.219484077
in: 0.551 0.552 0.553 0.554
out: -0.939540379
in: 0.552 0.553 0.554 0.555
out: -0.795787589
in: 0.553 0.554 0.555 0.556
out: 0.07960864
in: 0.554 0.555 0.556 0.557
out: 0.881813053
in: 0.555 0.556 0.557 0.558
out: 0.873282611
in: 0.556 0.557 0.558 0.559
out: 0.061860164
in: 0.557 0.558 0.559 0.56
out: -0.806436232
in: 0.558 0.559 0.56 0.561
out: -0.933298876
in: 0.559 0.56 0.561 0.562
out: -0.202090837
in: 0.56 0.561 0.562 0.563
out: 0.714918585
in: 0.561 0.562 0.563 0.564
out: 0.974635157
in: 0.562 0.563 0.564 0.565
out: 0.33827666
in: 0.563 0.564 0.565 0.566
out: -0.609091838
in: 0.564 0.565 0.566 0.567
out: -0.99646411
in: 0.565 0.566 0.567 0.568
out: -0.467691874
in: 0.566 0.567 0.568 0.569
out: 0.491074113
in: 0.567 0.568 0.569 0.57
out: 0.998348826
in: 0.568 0.569 0.57 0.571
out: 0.587746232
in: 0.569 0.57 0.571 0.572
out: -0.363227537
in: 0.57 0.571 0.572 0.573
out: -0.980251584
in: 0.571 0.572 0.573 0.574
out: -0.696036845
in: 0.572 0.573 0.574 0.575
out: 0.228110959
in: 0.573 0.574 0.575 0.576
out: 0.942534599
in: 0.574 0.575 0.576 0.577
out: 0.790396276
in: 0.575 0.576 0.577 0.578
out: -0.088428739
in: 0.576 0.577 0.578 0.579
out: -0.885952778
in: 0.577 0.578 0.579 0.58
out: -0.868935919
in: 0.578 0.579 0.58 0.581
out: -0.053023383
in: 0.579 0.58 0.581 0.582
out: 0.811638607
in: 0.58 0.581 0.582 0.583
out: 0.930083805
in: 0.581 0.582 0.583 0.584
out: 0.193414242
in: 0.582 0.583 0.584 0.585
out: -0.721079483
in: 0.583 0.584 0.585 0.586
out: -0.972616057
in: 0.584 0.585 0.586 0.587
out: -0.329933913
in: 0.585 0.586 0.587 0.588
out: 0.616087948
in: 0.586 0.587 0.588 0.589
out: 0.995681392
in: 0.587 0.588 0.589 0.59
out: 0.459849955
in: 0.588 0.589 0.59 0.591
out: -0.498765409
in: 0.589 0.59 0.591 0.592
out: -0.998818157
in: 0.59 0.591 0.592 0.593
out: -0.580562097
in: 0.591 0.592 0.593 0.594
out: 0.371460077
in: 0.592 0.593 0.594 0.595
out: 0.98196357
in: 0.593 0.594 0.595 0.596
out: 0.689654285
in: 0.594 0.595 0.596 0.597
out: -0.236719969
in: 0.595 0.596 0.597 0.598
out: -0.945454975
in: 0.596 0.597 0.598 0.599
out: -0.784943037
in: 0.597 0.598 0.599 0.6
out: 0.097241909
in: 0.598 0.599 0.6 0.601
out: 0.890023093
in: 0.599 0.6 0.601 0.602
out: 0.864521149
in: 0.6 0.601 0.602 0.603
out: 0.044182448
in: 0.601 0.602 0.603 0.604
out: -0.816777392
in: 0.602 0.603 0.604 0.605
out: -0.926795865
in: 0.603 0.604 0.605 0.606
out: -0.184722494
in: 0.604 0.605 0.606 0.607
out: 0.727183886
in: 0.605 0.606 0.607 0.608
out: 0.970520755
in: 0.606 0.607 0.608 0.609
out: 0.321565317
in: 0.607 0.608 0.609 0.61
out: -0.62303579
in: 0.608 0.609 0.61 0.611
out: -0.994820665
in: 0.609 0.61 0.611 0.612
out: -0.451972009
in: 0.61 0.611 0.612 0.613
out: 0.506417628
in: 0.611 0.612 0.613 0.614
out: 0.999209233
in: 0.612 0.613 0.614 0.615
out: 0.573332477
in: 0.613 0.614 0.615 0.616
out: -0.379663514
in: 0.614 0.615 0.616 0.617
out: -0.983598622
in: 0.615 0.616 0.617 0.618
out: -0.683217692
in: 0.616 0.617 0.618 0.619
out: 0.245310432
in: 0.617 0.618 0.619 0.62
out: 0.948301277
in: 0.618 0.619 0.62 0.621
out: 0.779428301
in: 0.619 0.62 0.621 0.622
out: -0.106047461
in: 0.62 0.621 0.622 0.623
out: -0.894023676
in: 0.621 0.622 0.623 0.624
out: -0.860038646
in: 0.622 0.623 0.624 0.625
out: -0.035338052
in: 0.623 0.624 0.625 0.626
out: 0.821852185
in: 0.624 0.625 0.626 0.627
out: 0.923435313
in: 0.625 0.626 0.627 0.628
out: 0.176016273
in: 0.626 0.627 0.628 0.629
out: -0.733231316
in: 0.627 0.628 0.629 0.63
out: -0.968349415
in: 0.628 0.629 0.63 0.631
out: -0.313171527
in: 0.629 0.63 0.631 0.632
out: 0.629934819
in: 0.63 0.631 0.632 0.633
out: 0.993881997
in: 0.631 0.632 0.633 0.634
out: 0.444058651
in: 0.632 0.633 0.634 0.635
out: -0.514030171
in: 0.633 0.634 0.635 0.636
out: -0.999522024
in: 0.634 0.635 0.636 0.637
out: -0.566057938
in: 0.635 0.636 0.637 0.638
out: 0.387837206
in: 0.636 0.637 0.638 0.639
out: 0.985156611
in: 0.637 0.638 0.639 0.64
out: 0.676727572
in: 0.638 0.639 0.64 0.641
out: -0.253881677
in: 0.639 0.64 0.641 0.642
out: -0.951073282
in: 0.64 0.641 0.642 0.643
out: -0.773852498
in: 0.641 0.642 0.643 0.644
out: 0.114844704
in: 0.642 0.643 0.644 0.645
out: 0.897954215
in: 0.643 0.644 0.645 0.646
out: 0.855488762
in: 0.644 0.645 0.646 0.647
out: 0.026490887
in: 0.645 0.646 0.647 0.648
out: -0.826862588
in: 0.646 0.647 0.648 0.649
out: -0.920002412
in: 0.647 0.648 0.649 0.65
out: -0.167296262
in: 0.648 0.649 0.65 0.651
out: 0.7392213
in: 0.649 0.65 0.651 0.652
out: 0.966102208
in: 0.65 0.651 0.652 0.653
out: 0.304753201
in: 0.651 0.652 0.653 0.654
out: -0.636784493
in: 0.652 0.653 0.654 0.655
out: -0.992865461
in: 0.653 0.654 0.655 0.656
out: -0.436110503
in: 0.654 0.655 0.656 0.657
out: 0.521602441
in: 0.655 0.656 0.657 0.658
out: 0.999756506
in: 0.656 0.657 0.658 0.659
out: 0.55873905
in: 0.657 0.658 0.659 0.66
out: -0.395980512
in: 0.658 0.659 0.66 0.661
out: -0.986637417
in: 0.659 0.66 0.661 0.662
out: -0.670184431
in: 0.66 0.661 0.662 0.663
out: 0.26243303
in: 0.661 0.662 0.663 0.664
out: 0.953770773
in: 0.662 0.663 0.664 0.665
out: 0.768216066
in: 0.663 0.664 0.665 0.666
out: -0.123632949
in: 0.664 0.665 0.666 0.667
out: -0.901814401
in: 0.665 0.666 0.667 0.668
out: -0.850871852
in: 0.666 0.667 0.668 0.669
out: -0.017641646
in: 0.667 0.668 0.669 0.67
out: 0.831808208
in: 0.668 0.669 0.67 0.671
out: 0.916497432
in: 0.669 0.67 0.671 0.672
out: 0.158563143
in: 0.67 0.671 0.672 0.673
out: -0.745153368
in: 0.671 0.672 0.673 0.674
out: -0.963779309
in: 0.672 0.673 0.674 0.675
out: -0.296310998
in: 0.673 0.674 0.675 0.676
out: 0.643584278
in: 0.674 0.675 0.676 0.677
out: 0.991771137
in: 0.675 0.676 0.677 0.678
out: 0.428128186
in: 0.676 0.677 0.678 0.679
out: -0.529133844
in: 0.677 0.678 0.679 0.68
out: -0.999912659
in: 0.678 0.679 0.68 0.681
out: -0.551376386
in: 0.679 0.68 0.681 0.682
out: 0.404092793
in: 0.68 0.681 0.682 0.683
out: 0.988040922
in: 0.681 0.682 0.683 0.684
out: 0.663588784
in: 0.682 0.683 0.684 0.685
out: -0.270963822
in: 0.683 0.684 0.685 0.686
out: -0.956393539
in: 0.684 0.685 0.686 0.687
out: -0.762519447
in: 0.685 0.686 0.687 0.688
out: 0.132411508
in: 0.686 0.687 0.688 0.689
out: 0.905603934
in: 0.687 0.688 0.689 0.69
out: 0.846188279
in: 0.688 0.689 0.69 0.691
out: 0.008791023
in: 0.689 0.69 0.691 0.692
out: -0.836688659
in: 0.69 0.691 0.692 0.693
out: -0.912920646
in: 0.691 0.692 0.693 0.694
out: -0.149817602
in: 0.692 0.693 0.694 0.695
out: 0.751027055
in: 0.693 0.694 0.695 0.696
out: 0.961380901
in: 0.694 0.695 0.696 0.697
out: 0.28784558
in: 0.695 0.696 0.697 0.698
out: -0.65033364
in: 0.696 0.697 0.698 0.699
out: -0.99059911
in: 0.697 0.698 0.699 0.7
out: -0.420112327
in: 0.698 0.699 0.7 0.701
out: 0.536623792
in: 0.699 0.7 0.701 0.702
out: 0.999990472
in: 0.7 0.701 0.702 0.703
out: 0.543970523
