Layer: 0, neuron 0, 0.000524354, 0.562063, 0.191021, 0.806559, 0.582275, 
Layer: 0, neuron 1, 0.479, 0.34852, 0.893529, 0.820431, 0.7434, 
Layer: 0, neuron 2, 0.173729, 0.858225, 0.709489, 0.512436, 0.302529, 
Layer: 0, neuron 3, 0.014981, 0.0913968, 0.364446, 0.147306, 0.165887, 
Layer: 0, neuron 4, 0.986842, 0.44233, 0.114021, -0.000179648, 0.00267561, 
Layer: 1, neuron 0, 0.36288, 
Layer: 1, neuron 1, 0.517806, 
Layer: 1, neuron 2, 0.559244, 
Layer: 1, neuron 3, 0.589101, 
Layer: 1, neuron 4, 0.596181, 
Layer: 1, neuron 5, 0.148803, 
